200 30 17
810511380
621519816
860541007
46641206
555139170
214652113
328244381
832543082
255488516
543206153
504976550
481835109
185848358
707853427
303476840
287371994
959447578
127112753
699729837
301811657
95851248
876445449
354467586
826593616
821795510
1021949983
410121029
593323359
345697283
808642177
295480440
98657810
230362647
888940088
964215312
891207058
565314326
1050623876
361047118
163400293
557706626
293895175
572223365
971778138
8904920
22566940
623788870
1067554924
690478831
270112025
693685796
234072800
95795228
587659343
791697372
136234858
733935620
687678846
616283027
82887881
194389612
596576870
751118030
1013662220
165310720
937171949
720191450
932021218
923443535
367109998
521967116
750845589
184217857
563567570
972379301
320758869
86148720
798468163
968519428
784586568
89038060
1000337841
619441116
51113937
136615169
620072144
154091048
96082062
863212051
456831083
162257094
721017672
892435055
341481181
1057045478
291092138
542739957
277154660
366313460
1041990593
84838089
217036725
618201845
378840670
621696916
356414197
830989983
773824876
580674463
45658402
186134798
688385589
2216785
718189303
227478568
777344514
169556499
489035328
772011428
1020846718
937175752
697982937
855636944
377542630
1035595202
682535529
219256291
3582671
687487852
521647879
625654542
328920302
816603809
609291483
91880193
730980369
194035857
312506184
698537578
590592477
661742831
261394884
445732656
89259335
362558166
502372216
546498228
765122700
943838943
658188530
130825408
640478540
213908803
274371421
521796790
600415166
371696773
790479821
230367059
496654225
1018786659
193266670
918271901
957939484
819601703
664059698
674033872
394337600
628345453
336667759
691926683
36104516
202576466
420707622
762934287
244666194
608732244
567823339
235749194
286834895
243708436
750879689
874424468
47347566
706982887
1011741699
646157153
567205824
296868383
18994719
561576314
871225157
660194541
623033549
805764959
724421712
951617271
1028676177
306112292
565083888
