300 33 15
7458159607
1409838579
1125398512
2575474652
2367306572
4967500735
7066500376
1282501614
6565177773
6560261419
8007818477
3389451148
6924431343
8544402812
6683037515
6539257261
766028765
6516152731
7658082030
2196287996
7214789072
8055533388
2177385977
4668525117
6241299781
3124370681
7660156924
2453863289
2306869964
2696179609
7194338631
4497185726
7049448479
8307502193
7754112865
790760702
2293768869
960765181
6417591580
5060243442
67151942
5332040700
1545760602
7320186791
5528731003
5519810875
5588085210
4263733560
4459133436
4775979039
3708969085
7887010765
7047685737
5582551421
6448688217
208872815
1814416605
25722597
6646819988
7064260847
7810355196
5775761743
2412598748
3559785931
4510526495
2894071566
3852004589
5835078141
2863867365
3701737709
6817326782
8281261401
6980656379
5503005080
1573023149
5771651224
4359113085
6653851611
4781674328
1414669309
6997794029
6633317666
6987819423
2384654111
6938225855
6990112206
2487860682
6606260093
7516726632
5048395644
4497096327
4691177388
2361221117
4642707677
5554348397
6780813304
8565976412
7453357299
4430068987
2332997819
6127251960
2496154622
6918091502
2315335556
6703608568
3875743214
2601137495
6258212297
3750570729
7688677113
6855675757
2089082238
2393614239
1514843625
7157620964
6632143225
3158473029
7048088888
4390136728
219492685
6813868777
4383247628
8124212463
2894654349
5076719793
6950598361
621809056
6692161694
8086732381
8171314607
7116464028
3424691035
1279837231
6880168541
17593397
2326147011
6848326739
6544994084
3123031928
8340507127
6602498063
877732233
6719503001
6589264739
7522847020
5033355502
6446941873
4363075821
4544586905
5168589539
2344123819
5576377679
7698835702
7147682975
8050059547
6826534969
8090950108
5475216365
6494071725
1147829361
5851855259
2114891255
6904827125
4320444404
6515438869
2789081596
5878390900
6864730408
1745391501
5901458876
7190015868
4497511359
3171952023
5003644316
4300026965
5377463804
6494446509
6989046005
6818385019
5876313947
4330114748
2764310904
3932270584
3481363705
7594244346
587413733
4703595855
238710135
2218327284
7839426941
6443080007
7725457912
6957892071
7181082534
781839985
6788624027
6611741892
5578426913
637633721
7764849534
4786142179
5842461913
788751595
1276689803
5034942449
1007652201
2390844501
7723018351
6918544352
5320670702
437298333
6929290642
6670344398
6656517001
2295457710
8004666739
5210466011
5477895397
4869197693
4510431486
5241875682
8029382389
4397255910
5616737519
1820937466
5845847034
2600551614
2585808059
4697761317
7198049327
6460780275
7166847275
5975730655
8430880827
6655342609
8237670693
6333583005
3577819051
7451830676
85375176
6601980966
3693809527
7465494012
8255198125
7329787189
8484687711
6946406491
6884637367
6965861556
4478675100
207195360
7872995293
480281875
6812655004
3800339949
5582909011
626288813
4623281373
6107214065
4968593913
874721647
7668524216
3449047037
4517371268
7133003768
8297126845
2642476881
7533651017
4070845901
67423844
2657291637
6149000625
4773218085
8311684441
8220935071
4564513273
7259339704
5926583290
8122377169
6577490542
4534128885
8326282680
2232506638
2838533351
7720085007
4476612287
5894581709
235289934
4677217728
6795488568
5847227253
2183202023
2500376787
5475543436
2402289313
1421879191
8390848181
339749974
4446636238
6916592916
