400 34 15
15512527039
17239164
16689262040
2755680446
9869210536
233616589
15316070389
5354818902
6920981790
5603761790
2890031094
244690225
5495090339
6672284949
5906281975
4555193511
16213134741
15202722652
16795168693
11208396017
14840032541
235359540
2831355583
4310446841
8934616893
5607799356
9443813
8023257573
8309702097
15938513364
5771631693
14630200563
7957999567
16290839919
2945664440
5756701678
4365166940
7631539591
2220461492
2522115227
2754395501
16778373816
11008213181
4549192796
2419210447
8203070901
10903397605
5081508789
3574605809
15103956177
4606521196
9349529050
16056606929
13027519371
16267126012
7191676238
15516056734
11711552766
3986722681
15060414449
16324499826
2622647132
15780309135
8579595452
15504815587
7487895223
9901846781
3638845935
7653209965
11143880105
3474110429
7523896893
5308032170
3722260471
814885309
1745919468
7028903263
6680700256
3290152044
7996740857
1711548293
14237058396
2384792604
2328437157
16316162843
4299990128
682715369
3951210479
4722862576
13774416269
6576963762
3432147277
15270818298
406994778
15401518375
6596190200
4630737912
7707193049
15393425868
7857782003
4815665853
11479088445
9160558957
2894213281
15252893980
2403417916
3326687215
8188593791
15105857417
8798481639
5075973119
394546590
10926689383
8586087925
11878543542
15916117468
2346282093
3432074654
5918141949
6325431977
6996136825
16058170225
7315765244
6789245150
2152541195
3100684281
686499301
15110439165
4982393247
216377672
3633527093
1982981369
16039176883
13411724647
2360491634
7996847361
2349463333
15438585161
6718263240
7735779469
11035495917
3833993637
4245368767
3462949220
2684354769
7752682862
13312732234
5918175183
8611446731
4915621373
8296910193
3847367113
16279118069
7441326588
16855969117
2491614927
6471586268
4487966385
3314478588
4363793116
5167594643
6416280493
7033879903
2250772324
16291359221
8307031693
15519038312
8288904932
5258767793
11935051135
1161996508
5104019949
4535385591
6641438109
7914942126
5068250583
2368841311
13405175777
4533106364
12230632866
2779258221
3699403728
4719167229
11146407663
7584805821
6121196752
2260232916
16215193066
4563876207
6679245764
7553296093
13393661137
13651135677
7927119133
11410828537
7180864465
6963359662
11039516653
1705012600
15834295686
9065112033
5068197772
13519301583
9655593053
12064833493
6684615093
15067784271
6107387222
207304151
5481955580
3754994425
13224698975
13930315513
8816771518
5709653244
8826193895
16618121625
4641676783
3666886138
16308113436
14218717646
13362176457
2231374715
3171995577
3442402792
7673285023
5604519018
6627984760
2361715998
7525264469
16346122747
16857607526
12750826610
1546053437
5238699248
8540225310
16320111850
13656736789
2584020730
4800167628
6451203961
5047461807
5304234191
15808962047
1306914294
3435748319
3709064637
15255315938
10092330239
5640829113
7319255103
15242106906
1598438735
10839211365
9884470467
10881234653
7937817727
2893591933
7198979733
6628557917
1161874493
15545840860
2216312698
1258533853
1711635583
5034845525
6812186477
223257828
676213069
6544865114
13367807959
8283890851
13231234301
7642721592
5571481285
7731697565
4450814105
2865672153
4393549653
5582497230
12909548025
5369371744
6915625267
7852829469
16276696233
6554717464
1579295705
4984336097
16447442900
16779619507
5609568728
6612230013
16710986652
4526754283
2184385949
7022255229
6149189477
6523211575
4855697373
4340083020
12864994791
501854203
8205724780
7937812885
5410790619
4442763131
2273938721
7755285183
11172669877
16236377581
16854931773
6480236158
1275503927
4714528205
1431308776
11370047437
4865554906
9342324691
16814993129
10689625599
1170224616
4414454894
5726672116
15656674673
8287203261
13665875685
6710442385
7477398925
4418855386
8994927981
7003309373
8212488168
221033580
6662035382
15676882733
8829566455
5572664826
522494781
11832161465
16125686261
4507897274
6965307831
13742116316
4010626015
2550933303
6904099964
5240791340
9065991179
16218335191
15068047398
4566693300
15154850300
2560376700
10137667965
2336958411
1044584877
7746372591
7994616073
7954581980
13123088278
2705927477
7192816030
3365710700
6623893813
6521622924
1476430169
10811349935
13558998509
8195058057
7078025657
4698953066
4818479163
6544831882
7218642872
6545495641
17133022137
4234219289
15162474431
6831230828
4228467789
3609855469
437266286
10908519880
813736133
6785052081
4607453288
14378095581
16880504951
14714309811
16182128329
10872572085
2860887372
4229705849
2232525005
15242513248
15054431079
4580844908
15709021545
15288002555
8542400085
