500 35 15
17258720698
20655420833
23748832254
5039856632
17985222087
27850219837
23824445646
23028375452
19982773887
24872275249
33957652050
6521849293
25307036155
17387830710
22492343724
28075158487
24671683937
25739398384
24973503473
34059515149
25745958240
18466138366
28143929721
20429172177
15537085811
4634938639
23726440346
22641401249
21364745690
16878955353
18866252965
22107131755
13661027672
30312774645
19807776140
23885309180
32818340713
25982804980
14170459721
5797063796
20235638205
1317447152
23865002189
10839157141
8025883933
22692541947
33520929304
5809120699
4900158169
16723488121
17667271033
6645432802
335825133
28039460125
2828349180
3693755519
4771811065
24975658103
11132238045
25849767411
17926528913
33430236185
28055453528
476161503
32616824053
2818690391
15297199484
19279390945
32726214043
24547401949
12563573948
8734945276
16895472877
19027733963
28629052799
22693551900
21555345309
31915253141
25476120181
902565372
23763199979
7852863678
24584072610
3021147261
21415087479
4366292887
29061328312
24666180690
23624869100
30444547287
23760030777
7081128367
30560921385
21630119593
5983372665
29075281396
3325961627
18316536289
25459437508
10947286120
24421613975
8817550584
32498398717
30406284757
20544466553
29230499148
13046082877
15523394959
33508506071
30142544239
6922939687
23681115254
33442333901
31383367353
10841214
32296900969
20057736557
25113135020
6680377525
23975030728
7773884793
30815852985
24592550877
8190701167
4521684600
32624570269
12289969148
19703967031
25234639151
24378731097
19820213865
19942374785
142945760
19435387045
33829441023
21701686511
19470815717
24646936736
22487932813
24549354591
7074571645
31004319621
24881753720
17801342395
34058824162
32462725629
21945333133
32950987521
28960639439
7397879259
14094056491
30544519485
15781584181
4179704127
15116856814
24961973145
25459174882
21474916670
28681572158
17689480169
17932948861
25016184813
13144715197
8121269720
23826205345
24684012941
13044361365
344401389
33674014645
12214989177
22006473168
22780348523
7133732328
22811782895
24421859661
11224023022
8259798149
28255106941
19570762263
9110306185
6752969453
26236366333
29192931734
27834592692
22247767929
20625554288
21697523176
24068165025
3892620768
67975144
28522096092
7934207481
7382173689
26016509661
24219385823
21548304564
9244519729
32328126429
11463306738
2182950017
8583908604
5493255669
23685254265
22021615517
23935782109
2159453420
24362119518
21902900409
7206088069
20624486264
24790601116
23818406669
6627097711
33445643421
6893403995
23686098369
15509956576
24282942207
22759263677
7073738107
2766204187
20068792085
30286739967
20812574444
15678865908
23768550782
23897133051
7589969903
23735324061
4838002137
25468157061
14061895021
6560319896
6661015963
22817543929
22630461393
12218810349
17239641565
24899514824
16206838645
20646227337
23791207336
22484802781
17442408815
8264116688
19954470156
24105051117
32960489529
21928037857
30300761484
2819294193
18186519452
22258542335
31380262525
32581625287
13292326184
23895817519
23028440293
33237317533
28142538099
23709904681
27993509235
8262853768
13119991119
29763874619
24411288798
6938463245
25199558567
7193409809
20300461511
17303602431
27559132669
23774782931
8741523428
16554994003
19442760187
20255679597
16457542137
19999819974
23852768476
12568406481
30205553388
17902364127
22171748781
27200499151
21981089270
1276465118
22198382767
33228391764
5996211549
27829252031
28333325743
15267406103
21546530676
20151674292
33395892709
6674777469
27483725309
21693296275
25837085697
15489640927
17863543662
17603637225
18058853791
3020954035
4749143205
28835196093
2697473189
34043176509
33504438169
6603286527
19327610673
18724416509
33490847071
28400166760
21823000395
7534069169
28101872068
29376982234
17957414069
23155137785
33413015349
5641468349
11207359471
3122928989
16056350155
27045636595
32416357079
2283990123
19482970363
22397668840
20571195518
21131192790
33225248620
28907433325
6479168702
32374599497
176949724
7056338199
21852325364
5039078889
6908290431
10810848677
5998127453
6614578614
30254630207
18992456953
28396299260
30150835311
7450529073
17921290659
23855001500
13087504532
21817932279
34234436053
7618208969
32516353112
31108263925
28023389692
4502220476
6581103277
24831088039
14364487123
21703051383
20654910637
15290606938
6799512569
17289999097
20831842280
13097902820
7094242815
13892595630
22003732348
6161444833
21152177375
19550357940
28706357069
30299835755
32659591005
15074602796
2697603504
25311585255
18463862932
7391043049
20558997711
25116852084
2399311096
76877275
22969615849
6787066708
30858546415
7608879103
22285691388
21492002142
471494514
5000465525
24952749353
24730545502
5847198636
32292381981
29210306021
13291965613
28926477564
1713903101
32818600411
18628884605
23710588239
3432128976
5630879871
31345360830
15911529790
5492443645
22157291461
18725538829
32768818485
21711226812
29337060769
20109368556
16601348077
6559918958
6829770093
2688822348
24650585485
17386323172
17649716471
29198394833
19419710590
2384470146
16263179198
4333771124
6744975302
5040792881
20160449996
23762985301
23964246446
32221075433
7256225081
22570143128
21995072145
29834128888
33495400417
33642545492
17924426119
24839531681
21703192003
16326486305
23882165743
20572545273
25225201839
23339364133
24311336922
19332171869
6547585330
4534102513
22700367354
23077587429
2281710366
19531350524
30259903725
24130186923
4462947855
13250096284
25178531181
13053246737
33766271693
28422730461
30806027447
33246727663
13944015341
24102307919
5574733113
19899883915
8258720877
26811018747
28139911140
20976111085
30604398031
21678563497
32226111389
25405976261
27248470486
2223664919
28425200845
31880127674
32547896719
29331483033
24102589231
7738678761
34236231540
6569434565
28142864217
28119748279
17927042209
26944615644
4448644404
4631717863
30149551870
29731648701
5497563388
28723192286
