600 36 16
18473552565
59631545407
22764893916
19614547390
39059122225
53782158841
21057529215
44227632556
67721314167
6794839911
64425913342
33085587517
47597093173
4533575295
66780495475
67167621501
16314275318
63488202935
58252121581
24656495836
32283971513
41281729435
42654027135
1280329464
63352977397
54918736277
65666175159
63026931160
7729602793
58219624806
40702082205
53284965304
57649155818
64562524095
60200422855
39092102332
37822394366
56458147247
41329638441
19361720619
66765745781
42042225517
41280420740
18136245715
4900824295
16408234425
49560035542
20472949447
25067208169
9634391541
4387728609
4836696361
17424355821
46120922037
22895027693
26141394397
58649181615
35538416093
56047590638
46311670828
41340764251
23869956440
23762606077
59280476429
57957477881
53018207479
39360428243
43093219317
55117521113
42578421757
63871319025
58761225787
58967201232
48533082351
59799074045
30237816773
48282733563
64529131929
26173942653
31846415865
58607168045
58641212141
62887538054
8163172793
59057927998
57283459577
56979114408
66782732859
52178491375
27063779188
56817100506
58892829946
28291043277
54162157220
67265373358
41229139199
37826947934
41492046974
68275350684
52287603116
51744183924
41964037915
56014081244
58467332175
35035148062
58589919180
7728204237
57049901513
16350465362
2365155564
32348735470
57384512544
58042530541
56611484124
57082996564
24009974900
19530247393
55675727548
68023252949
56065655132
56458705877
15523921260
66927887805
49560365673
58268957087
30224879445
20631932121
56575187565
59948543295
39858780409
23635251694
26175740077
45797679167
7676651845
46070767600
40754057084
28022767477
40802925650
36876657887
16326397137
58600322173
47494866993
36649183444
58952682872
23323510079
15237961015
64688961385
30400919849
64928255784
66783696511
38692531980
51737028946
36205509976
50467745524
2650832420
39405833468
4738002812
32234277549
47457445751
50622852533
53741649493
28414438523
64324680665
6920647112
37675487005
47465459649
28639782367
39150175255
54729750701
24595432736
22496434654
37631698876
29196056929
24419704489
38898125599
39628443023
58318979761
65721113633
40912103196
34435563703
28399640551
42234965941
54107005423
58661980136
42132923835
15170903123
60374393852
33622592463
27942714605
61144673439
22791924491
2276470776
57256643867
62948709725
7651461471
59560050559
32362308716
48789468409
31921843692
24037344351
55433637325
47647302285
22097765991
23834706159
21647723838
60201085999
3123244469
58401808661
50434554821
7986825615
3495431407
38642225063
23388498174
45240363208
40375683529
29213429190
52878274295
67335763438
21682521515
29159090527
37668021912
6741169917
21546441989
47952772601
63630277725
60238929873
13103869327
33965616331
22366424574
28403941804
24665730253
49100171439
23207931365
63757727981
45979807163
68675969384
36627632637
61750177270
16861656252
56811855267
49613465835
15649417717
57520776892
10854905322
6580869104
54335169772
63494491896
54526272932
54344216493
5916105981
66793325593
53351679144
59171319223
64561483623
20645880823
12308810877
24701996531
53134921695
2551819996
20538474291
50015138303
40893638646
65873153357
24759049724
30325278193
64119139757
41535617437
5036106813
6916984683
507293164
46414270459
36905711089
41943952870
6948531191
3744730556
10941570229
42755712886
23959291382
22785922463
10874137971
47929204981
229782748
58232908275
18405834172
56267712677
17426029020
47257955449
16860128509
59262974988
53913740384
67094287100
23768475546
65072293364
58749698538
55331534792
7532228052
6669086504
21967906789
24899838836
15297064127
19465977284
50708326381
6551782891
12957575036
50995769277
63586634071
2383690951
34034710353
52513590649
40408558985
23063435503
41216116069
4780780669
5344343928
26242803006
53990215069
39863721561
39967909355
20627630697
56584342771
66642184662
58773071717
32548261295
2358309628
56329284592
52782277814
29070200697
28169333234
24982853597
22238359336
58471962845
55271138684
24162622589
50404863793
67755158001
36725701021
46374991355
22255648041
2888447980
35601299782
7691397598
17320453949
40760452723
31484722597
28131290903
58257977051
57555653877
36559915420
39932061721
49528470898
37442628587
42920871544
58166901583
28090524973
64626271276
7765503419
40873885078
21030767919
67211111093
55879076204
66754596004
52763110428
32728528093
49501582671
59274438407
16848596430
20468408444
56514164908
67788628398
41658105816
24820362106
6568780908
30209186292
67115248373
67891788637
9018813357
51781963551
15281104085
30838259099
29482561019
41171315835
53485788408
28599461077
36601104748
22906232277
58673309167
37388271591
64664067500
43692787768
41979312089
28085869672
37616762025
51615657879
55035612466
50321767925
7875862974
4866881021
24096313656
41273368968
10944263495
15256454329
47328923120
58204958283
46662729083
53896152143
2404938429
62908827053
53857765595
33625976733
12315668988
65167058326
35396085165
50273329652
13616293375
33435174345
53790936426
41691801455
4933043384
4435316133
54193215981
56334016157
67076127869
54077843383
64597928312
56514083662
38839342331
40334019937
33455023186
57384408529
63827168653
58610540988
67871602845
42371940485
18472365757
49465012673
50702601464
64445483353
24367189752
54225039448
59577233146
39410016469
55982498508
51456945759
52715628488
17280612503
55030190000
67816824721
40818974551
55839895129
42379510230
7957295085
32665938394
61942031551
19688596604
60150607486
19672459131
38998941021
32129420633
5043158236
41279716729
53705532668
36999136250
55215922621
23867764376
62706460410
64525270639
46046202109
2226300846
65174808529
65558558648
47987713532
50106346862
67713957047
49660826588
50123246983
52281862095
50992252009
64777692061
41325567614
64100596192
55382084821
56593616263
67361872097
41355862088
43059400415
51347074964
40819394909
24004259583
47580731853
51288116731
37239713501
32313222314
39331200480
24888229239
41027762409
58404441769
36579877093
66579862831
28271979898
56053239348
47317810900
36186368044
59636313788
58282050956
24587537304
57071253841
59526652777
49648345588
12913552894
21950039224
54426032125
19332602220
67286191993
67852781883
2216736449
64447843572
66650454844
56307344443
33540959805
59590208909
66172463599
41289949136
37019715239
67139419887
60276564973
38243823583
51716550523
23833027848
17752406449
53861871545
54237242838
63837933695
60037343249
37834403165
6458329533
52769670317
6603699688
58637815612
42641992121
30562853925
13514079600
42017885551
36048137463
65767043032
21545019353
38730807118
68408180377
1879653877
52211848504
17374180733
43213000044
67342894428
64895225720
64574278524
6954499221
60265995251
17425641460
8724401371
47936252287
6667516411
66766136379
7732405615
7684308741
21719325039
16367333109
58430975118
49614963801
32414530800
25121791199
40820193534
28024645935
55217892572
57128249083
59996567964
51609299548
42397514987
33961809400
65695401983
20880178583
49545687221
38057840033
51066774773
65468011967
30757169439
40244378463
21862858450
28667355039
62530848623
58231977019
67127911763
20070286526
64939076069
63531689244
22009375729
37771967987
24756923604
6963903703
51502415732
32454717172
53703895096
