18428484
22918724
26818116
26818117
26846788
26849862
26850884
26850888
26850892
28948037
31045188
538522180
538522692
538523200
538523220
538752580
545896004
546387012
546879044
546879076
546910916
546911812
546911813
546934852
546940484
546940485
546943556
546944068
546944576
546944580
546944582
546944588
546944596
546944604
546944608
546944628
546944704
546946628
547042900
547198534
547206724
547223110
549008452
549041732
551138884
554251840
554268228
555300420
555300421
555329092
555333184
555333188
555333190
555333204
555335236
555595332
555595333
562148932
562640452
562665028
562669124
562673216
562673220
562673222
562673223
562673236
562673344
562675268
563164740
563193412
563196484
563197508
563197516
563295300
563623493
563652164
563656260
563684932
563684933
563688516
563689028
563689285
563704901
563705413
563709508
563713092
563713604
563715653
563716676
563717188
563717636
563717696
563717700
563717701
563717702
563717703
563717708
563717716
563717732
563717828
563717829
563717956
563719748
563720772
563721284
563721732
563721792
563721796
563721797
563721798
563721804
563721812
563721828
563721924
563722052
563723780
563723844
563734084
563737668
563738180
563787334
563820100
563820101
563848772
563852864
563852868
563852870
563852871
563852884
563854916
563951172
563951173
563967557
563974212
563975748
563979844
563983940
563983948
563996230
565294660
565786180
565802564
565810246
565810756
565810757
565810772
565811012
565814852
565818944
565818948
565818950
565818964
565818996
565820996
565827140
565835340
565941830
566072900
566072933
567391812
567912004
567916100
568178244
597243460
597272132
597272133
597276228
597276236
597276237
601470532
601601600
622408260
629782084
630567492
630765124
630765252
630826564
630829636
630830148
630830660
630832708
631027268
631075397
631092800
631092804
632927812
672740932
672773708
681129540
681161412
681162308
681162340
681162436
689485380
689550916
689550917
689551044
696891076
697382468
697414212
697415236
697415364
697869892
697873476
697874116
697935428
697935429
697938501
697939012
697939013
697939524
697939908
697941573
697941700
698070597
698197572
698197574
700036677
700036684
731493957
764982852
815371332
815375948
815380036
831632964
832153156
832157252
832159300
966370372
966370884
